"5da70549c190250caa638fee6bce1c63"
"1f62ab6ad84ea03c1f257dce43aebab0"
(comment 0 2 3 2 3)
(comment 0 3 4 3 4)
(comment 0 4 5 4 5)
(comment 0 23 24 23 24)
(comment 0 24 25 24 25)
(comment 0 25 26 25 26)
(comment 0 39 40 39 40)
(comment 0 40 41 40 41)
(comment 0 41 42 41 42)
(comment 0 57 58 57 58)
(comment 0 58 59 58 59)
(comment 0 59 60 59 60)
(comment 0 66 67 66 67)
(brace 8 79 81 80 81)
(brace 9 82 84 83 84)
(brace 8 95 97 96 97)
(brace 9 100 102 101 102)
(brace 8 110 112 111 112)
(brace 9 130 132 131 132)
(comment 0 133 134 133 134)
(brace 8 219 221 220 221)
(brace 9 224 226 225 226)
(brace 8 266 268 267 268)
(brace 9 271 273 272 273)
(brace 8 323 325 324 325)
(brace 9 333 335 334 335)
(brace 8 342 344 343 344)
(brace 9 351 353 352 353)
(brace 8 361 363 362 363)
(brace 9 365 367 366 367)
(brace 8 379 381 380 381)
(brace 9 383 385 384 385)
(comment 0 386 387 386 387)
(brace 8 435 437 436 437)
(brace 9 438 440 439 440)
(comment 0 441 442 441 442)
(brace 8 456 458 457 458)
(brace 9 462 464 463 464)
(comment 0 465 466 465 466)
(comment 0 491 492 491 492)
(brace 8 497 499 498 499)
(brace 8 508 510 509 510)
(brace 9 518 520 519 520)
(brace 8 530 532 531 532)
(brace 9 541 543 542 543)
(brace 9 543 545 544 545)
(comment 0 547 548 547 548)
(comment 0 555 556 555 556)
(brace 8 573 575 574 575)
(brace 9 582 584 583 584)
(comment 0 585 586 585 586)
(brace 8 604 606 605 606)
(brace 9 609 611 610 611)
(comment 0 612 613 612 613)
(brace 8 628 630 629 630)
(brace 9 645 647 646 647)
(comment 0 649 650 649 650)
(brace 8 657 659 658 659)
(brace 8 683 685 684 685)
(brace 9 684 686 685 686)
(brace 9 724 726 725 726)
(comment 0 728 729 728 729)
(comment 0 746 747 746 747)
(comment 0 757 758 757 758)
(comment 0 814 815 814 815)
(comment 0 860 861 860 861)
(comment 0 916 917 916 917)
(comment 0 962 963 962 963)
(comment 0 973 974 973 974)
(comment 0 1002 1003 1002 1003)
(comment 0 1040 1041 1040 1041)
(comment 0 1051 1052 1051 1052)
(comment 0 1093 1094 1093 1094)
(comment 0 1139 1140 1139 1140)
(comment 0 1150 1151 1150 1151)
(comment 0 1179 1180 1179 1180)
(comment 0 1198 1199 1198 1199)
(brace 8 1207 1209 1208 1209)
(brace 9 1229 1231 1230 1231)
(comment 0 1233 1234 1233 1234)
(brace 8 1241 1243 1242 1243)
(brace 9 1273 1275 1274 1275)
(comment 0 1277 1278 1277 1278)
(brace 8 1286 1288 1287 1288)
(brace 9 1296 1298 1297 1298)
(comment 0 1300 1301 1300 1301)
(brace 8 1313 1315 1314 1315)
(brace 9 1336 1338 1337 1338)
(comment 0 1340 1341 1340 1341)
(brace 8 1357 1359 1358 1359)
(brace 9 1371 1373 1372 1373)
(comment 0 1375 1376 1375 1376)
(comment 0 1394 1395 1394 1395)
(brace 8 1401 1403 1402 1403)
(brace 9 1416 1418 1417 1418)
(comment 0 1420 1421 1420 1421)
(environment 2 1434 1451 1434 1451)
(brace 3 1434 1441 1434 1441)
(brace 9 1449 1451 1450 1451)
(brace 8 1707 1709 1708 1709)
(brace 9 1708 1710 1709 1710)
(environment 2 1759 1775 1759 1775)
(brace 3 1759 1767 1760 1767)
(brace 9 1773 1775 1774 1775)
(environment 3 1852 1866 1852 1866)
(brace 4 1852 1858 1853 1858)
(brace 9 1864 1866 1865 1866)
(environment 3 1967 1982 1967 1982)
(brace 4 1967 1972 1967 1972)
(brace 9 1980 1982 1981 1982)
(brace 8 1993 1995 1994 1995)
(brace 9 2019 2021 2020 2021)
(environment 2 2023 2040 2023 2040)
(brace 3 2023 2030 2023 2030)
(brace 9 2038 2040 2039 2040)
(environment 3 3087 3102 3087 3102)
(brace 4 3087 3092 3087 3092)
(brace 9 3100 3102 3101 3102)
(brace 8 3113 3115 3114 3115)
(brace 9 3149 3151 3150 3151)
