"5d5be552a9da20f54fd6e01972f9b4ed"
"1f62ab6ad84ea03c1f257dce43aebab0"
(section 0 1 18 10 17)
(brace 8 8 10 9 10)
(brace 9 16 18 17 18)
(label 0 19 36 26 35)
(brace label 19 26 19 26)
(brace 9 34 36 35 36)
(section 0 37 51 46 50)
(brace 8 44 46 45 46)
(brace 9 49 51 50 51)
(label 0 52 69 59 68)
(brace label 52 59 52 59)
(brace 9 67 69 68 69)
(brace 1 73 79 74 79)
(brace 9 87 89 88 89)
(brace 1 103 109 104 109)
(brace 9 123 125 124 125)
(environment 0 138 154 138 154)
(brace 3 138 145 138 145)
(brace 9 152 154 153 154)
(label 0 155 178 162 177)
(brace label 155 162 155 162)
(brace 9 176 178 177 178)
(brace 8 189 191 190 191)
(brace 9 191 193 192 193)
(brace 8 201 203 202 203)
(brace 8 211 213 212 213)
(brace 9 213 215 214 215)
(brace 9 217 219 218 219)
(brace 8 218 220 219 220)
(brace 8 228 230 229 230)
(brace 9 230 232 231 232)
(brace 9 232 234 233 234)
(brace 8 240 242 241 242)
(brace 8 250 252 251 252)
(brace 9 252 254 253 254)
(brace 9 260 262 261 262)
(brace 8 261 263 262 263)
(brace 8 271 273 272 273)
(brace 9 273 275 274 275)
(brace 9 275 277 276 277)
(environment 1 279 293 279 293)
(brace 4 279 284 279 284)
(brace 9 291 293 292 293)
(section 0 295 310 307 309)
(brace 8 305 307 306 307)
(brace 9 308 310 309 310)
(label 0 311 327 318 326)
(brace label 311 318 311 318)
(brace 9 325 327 326 327)
(brace 8 352 354 353 354)
(brace 9 365 367 366 367)
(brace 8 393 395 394 395)
(brace 9 397 399 398 399)
(brace 8 433 435 434 435)
(brace 9 434 436 435 436)
(section 0 528 543 540 542)
(brace 8 538 540 539 540)
(brace 9 541 543 542 543)
(label 0 544 562 551 561)
(brace label 544 551 544 551)
(brace 9 560 562 561 562)
(brace 8 603 605 604 605)
(brace 9 614 616 615 616)
(section 0 627 647 642 646)
(brace 8 640 642 641 642)
(brace 9 645 647 646 647)
(label 0 648 666 655 665)
(brace label 648 655 648 655)
(brace 9 664 666 665 666)
(brace 8 723 725 724 725)
(brace 9 767 769 768 769)
(brace 8 783 785 784 785)
(brace 9 784 786 785 786)
(brace 8 822 824 823 824)
(brace 9 828 830 829 830)
(brace 8 846 848 847 848)
(brace 9 850 852 851 852)
(brace 1 859 865 860 865)
(brace 9 873 875 874 875)
(environment 2 877 891 877 891)
(brace 3 877 884 877 884)
(brace 9 889 891 890 891)
(comment 0 895 896 895 896)
(brace 8 965 967 966 967)
(brace 9 971 973 972 973)
(brace 8 983 985 984 985)
(brace 9 994 996 995 996)
(label 0 998 1016 1006 1015)
(brace label 998 1006 999 1006)
(brace 9 1014 1016 1015 1016)
(environment 3 1017 1029 1017 1029)
(brace 4 1017 1022 1017 1022)
(brace 9 1027 1029 1028 1029)
(section 0 1308 1328 1323 1327)
(brace 8 1321 1323 1322 1323)
(brace 9 1326 1328 1327 1328)
(label 0 1329 1349 1336 1348)
(brace label 1329 1336 1329 1336)
(brace 9 1347 1349 1348 1349)
(brace 1 1422 1428 1423 1428)
(brace 9 1449 1451 1450 1451)
(brace 1 1464 1470 1465 1470)
(brace 9 1480 1482 1481 1482)
(brace 1 1486 1492 1487 1492)
(brace 9 1502 1504 1503 1504)
(brace 1 1538 1544 1539 1544)
(brace 9 1565 1567 1566 1567)
(brace 8 1590 1592 1591 1592)
(brace 9 1601 1603 1602 1603)
(brace 1 1685 1691 1686 1691)
(brace 9 1708 1710 1709 1710)
(environment 2 1772 1786 1772 1786)
(brace 3 1772 1779 1772 1779)
(brace 9 1784 1786 1785 1786)
(comment 0 1802 1803 1802 1803)
(brace 8 1819 1821 1820 1821)
(label 0 1826 1846 1834 1845)
(brace label 1826 1834 1827 1834)
(brace 9 1844 1846 1845 1846)
(brace 9 1845 1847 1846 1847)
(comment 0 1856 1857 1856 1857)
(brace 8 1881 1883 1882 1883)
(brace 8 1910 1912 1911 1912)
(brace 9 1923 1925 1924 1925)
(brace 9 1924 1926 1925 1926)
(brace 8 1939 1941 1940 1941)
(brace 9 1943 1945 1944 1945)
(comment 0 1945 1946 1945 1946)
(brace 8 1962 1964 1963 1964)
(label 0 1994 2014 2002 2013)
(brace label 1994 2002 1995 2002)
(brace 9 2012 2014 2013 2014)
(brace 9 2013 2015 2014 2015)
(brace 8 2021 2023 2022 2023)
(brace 8 2050 2052 2051 2052)
(brace 9 2064 2066 2065 2066)
(brace 9 2065 2067 2066 2067)
(brace 8 2077 2079 2078 2079)
(brace 9 2104 2106 2105 2106)
(label 0 2108 2139 2116 2138)
(brace label 2108 2116 2109 2116)
(brace 9 2137 2139 2138 2139)
(environment 3 2140 2152 2140 2152)
(brace 4 2140 2145 2140 2145)
(brace 9 2150 2152 2151 2152)
(environment 2 2153 2167 2153 2167)
(brace 3 2153 2160 2153 2160)
(brace 9 2165 2167 2166 2167)
(comment 0 2183 2184 2183 2184)
(environment 2 2186 2204 2186 2204)
(brace 3 2186 2194 2187 2194)
(brace 9 2202 2204 2203 2204)
(brace 8 2203 2205 2204 2205)
(brace 9 2207 2209 2208 2209)
(brace 8 2241 2243 2242 2243)
(brace 9 2254 2256 2255 2256)
(brace 8 2268 2270 2269 2270)
(brace 9 2275 2277 2276 2277)
(environment 3 2279 2295 2279 2295)
(brace 4 2279 2285 2280 2285)
(brace 9 2293 2295 2294 2295)
(brace 8 2304 2306 2305 2306)
(brace 9 2308 2310 2309 2310)
(comment 0 2310 2311 2310 2311)
(environment 2 2313 2331 2313 2331)
(brace 3 2313 2321 2314 2321)
(brace 9 2329 2331 2330 2331)
(brace 8 2330 2332 2331 2332)
(brace 9 2344 2346 2345 2346)
(brace 8 2378 2380 2379 2380)
(brace 9 2392 2394 2393 2394)
(brace 8 2406 2408 2407 2408)
(brace 9 2445 2447 2446 2447)
(environment 3 2449 2465 2449 2465)
(brace 4 2449 2455 2450 2455)
(brace 9 2463 2465 2464 2465)
(brace 8 2475 2477 2476 2477)
(brace 9 2498 2500 2499 2500)
(label 0 2502 2529 2510 2528)
(brace label 2502 2510 2503 2510)
(brace 9 2527 2529 2528 2529)
(environment 3 2530 2542 2530 2542)
(brace 4 2530 2535 2530 2535)
(brace 9 2540 2542 2541 2542)
(environment 2 3094 3108 3094 3108)
(brace 3 3094 3101 3094 3101)
(brace 9 3106 3108 3107 3108)
(environment 2 3109 3125 3109 3125)
(brace 3 3109 3116 3109 3116)
(brace 9 3123 3125 3124 3125)
(brace 8 3124 3126 3125 3126)
(brace 9 3139 3141 3140 3141)
(brace 8 3184 3186 3185 3186)
(brace 9 3199 3201 3200 3201)
(brace 8 3211 3213 3212 3213)
(brace 9 3218 3220 3219 3220)
(label 0 3222 3244 3230 3243)
(brace label 3222 3230 3223 3230)
(brace 9 3242 3244 3243 3244)
(environment 3 3245 3259 3245 3259)
(brace 4 3245 3250 3245 3250)
(brace 9 3257 3259 3258 3259)
(environment 2 3266 3282 3266 3282)
(brace 3 3266 3273 3266 3273)
(brace 9 3280 3282 3281 3282)
(brace 8 3281 3283 3282 3283)
(brace 9 3296 3298 3297 3298)
(brace 8 3341 3343 3342 3343)
(brace 9 3356 3358 3357 3358)
(brace 8 3368 3370 3369 3370)
(brace 9 3375 3377 3376 3377)
(label 0 3379 3401 3387 3400)
(brace label 3379 3387 3380 3387)
(brace 9 3399 3401 3400 3401)
(environment 3 3402 3416 3402 3416)
(brace 4 3402 3407 3402 3407)
(brace 9 3414 3416 3415 3416)
(environment 3 3417 3429 3417 3429)
(brace 4 3417 3422 3417 3422)
(brace 9 3427 3429 3428 3429)
(comment 0 3506 3507 3506 3507)
(comment 0 3507 3508 3507 3508)
(comment 0 3508 3509 3508 3509)
(comment 0 3528 3529 3528 3529)
(comment 0 3529 3530 3529 3530)
(comment 0 3530 3531 3530 3531)
(comment 0 3544 3545 3544 3545)
(comment 0 3545 3546 3545 3546)
(comment 0 3546 3547 3546 3547)
(comment 0 3570 3571 3570 3571)
(comment 0 3571 3572 3571 3572)
(comment 0 3572 3573 3572 3573)
