"2db871adc6976d13e26c7661fbeaf494"
"1f62ab6ad84ea03c1f257dce43aebab0"
(section 0 1 24 10 23)
(brace 8 8 10 9 10)
(brace 9 22 24 23 24)
(label 0 25 42 32 41)
(brace label 25 32 25 32)
(brace 9 40 42 41 42)
(brace 8 55 57 56 57)
(brace 9 56 58 57 58)
(brace 8 109 111 110 111)
(brace 9 110 112 111 112)
(brace 8 160 162 161 162)
(brace 9 343 345 344 345)
(section 0 348 362 357 361)
(brace 8 355 357 356 357)
(brace 9 360 362 361 362)
(brace 8 467 469 468 469)
(brace 9 481 483 482 483)
(section 0 485 499 494 498)
(brace 8 492 494 493 494)
(brace 9 497 499 498 499)
(label 0 500 517 507 516)
(brace label 500 507 500 507)
(brace 9 515 517 516 517)
(brace 8 843 844 843 844)
(brace 9 1065 1067 1066 1067)
(brace 8 1069 1070 1069 1070)
(brace 9 1243 1245 1244 1245)
(comment 0 1247 1248 1247 1248)
(comment 0 1306 1307 1306 1307)
(comment 0 1353 1354 1353 1354)
(brace 8 1384 1385 1384 1385)
(brace 9 1592 1594 1593 1594)
(brace 8 1596 1597 1596 1597)
(brace 9 1736 1738 1737 1738)
(brace 8 1740 1741 1740 1741)
(brace 9 1908 1910 1909 1910)
(brace 8 1912 1913 1912 1913)
(brace 9 2008 2010 2009 2010)
(section 0 2012 2026 2021 2025)
(brace 8 2019 2021 2020 2021)
(brace 9 2024 2026 2025 2026)
(label 0 2027 2053 2034 2052)
(brace label 2027 2034 2027 2034)
(brace 9 2051 2053 2052 2053)
(section 0 2056 2073 2068 2072)
(brace 8 2066 2068 2067 2068)
(brace 9 2071 2073 2072 2073)
(label 0 2074 2096 2081 2095)
(brace label 2074 2081 2074 2081)
(brace 9 2094 2096 2095 2096)
(brace 8 2119 2121 2120 2121)
(brace 9 2128 2130 2129 2130)
(brace 8 2137 2139 2138 2139)
(brace 9 2143 2145 2144 2145)
(brace 8 2154 2156 2155 2156)
(brace 9 2166 2168 2167 2168)
(brace 8 2204 2206 2205 2206)
(brace 9 2213 2215 2214 2215)
(brace 8 2283 2285 2284 2285)
(brace 9 2293 2295 2294 2295)
(brace 8 2335 2337 2336 2337)
(brace 9 2339 2341 2340 2341)
(environment 2 2347 2360 2347 2360)
(brace 3 2347 2354 2347 2354)
(brace 9 2358 2360 2359 2360)
(environment 2 2380 2397 2380 2397)
(brace 3 2380 2388 2381 2388)
(brace 9 2395 2397 2396 2397)
(brace 8 2399 2401 2400 2401)
(brace 9 2413 2415 2414 2415)
(comment 0 2416 2417 2416 2417)
(brace 8 2461 2463 2462 2463)
(brace 9 2545 2547 2546 2547)
(label 0 2549 2576 2557 2575)
(brace label 2549 2557 2550 2557)
(brace 9 2574 2576 2575 2576)
(environment 2 2580 2597 2580 2597)
(brace 3 2580 2588 2581 2588)
(brace 9 2595 2597 2596 2597)
(brace 8 2596 2598 2597 2598)
(brace 9 2607 2609 2608 2609)
(brace 8 2608 2610 2609 2610)
(brace 8 2611 2613 2612 2613)
(brace 9 2616 2618 2617 2618)
(brace 9 2617 2619 2618 2619)
(brace 8 2647 2649 2648 2649)
(brace 9 2658 2660 2659 2660)
(brace 8 2662 2664 2663 2664)
(brace 9 2672 2674 2673 2674)
(brace 8 2718 2720 2719 2720)
(brace 9 2719 2721 2720 2721)
(brace 8 2743 2745 2744 2745)
(brace 9 2750 2752 2751 2752)
(brace 8 2796 2798 2797 2798)
(brace 9 2801 2803 2802 2803)
(environment 3 3004 3019 3004 3019)
(brace 4 3004 3010 3005 3010)
(brace 9 3017 3019 3018 3019)
(environment 3 3021 3036 3021 3036)
(brace 4 3021 3027 3022 3027)
(brace 9 3034 3036 3035 3036)
(environment 3 3037 3048 3037 3048)
(brace 4 3037 3042 3037 3042)
(brace 9 3046 3048 3047 3048)
(brace 1 3064 3070 3065 3070)
(brace 9 3087 3089 3088 3089)
(brace 8 3154 3156 3155 3156)
(brace 9 3155 3157 3156 3157)
(section 0 3237 3254 3249 3253)
(brace 8 3247 3249 3248 3249)
(brace 9 3252 3254 3253 3254)
(label 0 3255 3283 3262 3282)
(brace label 3255 3262 3255 3262)
(brace 9 3281 3283 3282 3283)
(brace 1 3361 3367 3362 3367)
(brace 9 3379 3381 3380 3381)
(environment 2 3383 3396 3383 3396)
(brace 3 3383 3390 3383 3390)
(brace 9 3394 3396 3395 3396)
(brace 8 3425 3427 3426 3427)
(brace 9 3434 3436 3435 3436)
(label 0 3438 3460 3446 3459)
(brace label 3438 3446 3439 3446)
(brace 9 3458 3460 3459 3460)
(environment 2 3462 3479 3462 3479)
(brace 3 3462 3470 3463 3470)
(brace 9 3477 3479 3478 3479)
(brace 8 3481 3483 3482 3483)
(brace 9 3495 3497 3496 3497)
(environment 2 3502 3519 3502 3519)
(brace 3 3502 3510 3503 3510)
(brace 9 3517 3519 3518 3519)
(brace 8 3518 3520 3519 3520)
(brace 9 3529 3531 3530 3531)
(brace 8 3530 3532 3531 3532)
(brace 9 3542 3544 3543 3544)
(brace 8 3567 3569 3568 3569)
(brace 9 3569 3571 3570 3571)
(brace 8 3571 3573 3572 3573)
(brace 8 3591 3593 3592 3593)
(brace 9 3593 3595 3594 3595)
(brace 8 3594 3596 3595 3596)
(brace 9 3596 3598 3597 3598)
(brace 9 3597 3599 3598 3599)
(brace 8 3614 3616 3615 3616)
(brace 9 3616 3618 3617 3618)
(brace 8 3617 3619 3618 3619)
(brace 9 3620 3622 3621 3622)
(brace 8 3621 3623 3622 3623)
(brace 9 3632 3634 3633 3634)
(brace 8 3648 3650 3649 3650)
(brace 9 3650 3652 3651 3652)
(brace 8 3651 3653 3652 3653)
(brace 9 3654 3656 3655 3656)
(brace 8 3655 3657 3656 3657)
(brace 9 3667 3669 3668 3669)
(brace 8 3676 3678 3677 3678)
(brace 9 3680 3682 3681 3682)
(inline-math 0 3744 3745 3744 3745)
(brace 8 3745 3747 3746 3747)
(brace 9 3747 3749 3748 3749)
(inline-math 0 3749 3750 3749 3750)
(inline-math 0 3797 3798 3797 3798)
(brace 8 3798 3800 3799 3800)
(brace 9 3801 3803 3802 3803)
(inline-math 0 3803 3804 3803 3804)
(environment 3 3853 3868 3853 3868)
(brace 4 3853 3859 3854 3859)
(brace 9 3866 3868 3867 3868)
(brace 8 3910 3912 3911 3912)
(brace 9 3911 3913 3912 3913)
(environment 3 3945 3960 3945 3960)
(brace 4 3945 3951 3946 3951)
(brace 9 3958 3960 3959 3960)
(environment 3 3961 3972 3961 3972)
(brace 4 3961 3966 3961 3966)
(brace 9 3970 3972 3971 3972)
(brace 1 3978 3984 3979 3984)
(brace 9 3996 3998 3997 3998)
(brace 8 4023 4025 4024 4025)
(brace 9 4032 4034 4033 4034)
(brace 8 4044 4046 4045 4046)
(brace 9 4048 4050 4049 4050)
(brace 8 4186 4188 4187 4188)
(brace 9 4197 4199 4198 4199)
(brace 1 4685 4691 4686 4691)
(brace 9 4703 4705 4704 4705)
(brace 1 4707 4713 4708 4713)
(brace 9 4725 4727 4726 4727)
(brace 1 4741 4747 4742 4747)
(brace 9 4758 4760 4759 4760)
(brace 1 4776 4782 4777 4782)
(brace 9 4793 4795 4794 4795)
(environment 2 4799 4812 4799 4812)
(brace 3 4799 4806 4799 4806)
(brace 9 4810 4812 4811 4812)
(environment 2 4827 4844 4827 4844)
(brace 3 4827 4835 4828 4835)
(brace 9 4842 4844 4843 4844)
(brace 8 4843 4845 4844 4845)
(brace 9 4857 4859 4858 4859)
(brace 8 4878 4880 4879 4880)
(brace 9 4887 4889 4888 4889)
(label 0 4890 4911 4897 4910)
(brace label 4890 4897 4890 4897)
(brace 9 4909 4911 4910 4911)
(environment 2 4912 4927 4912 4927)
(brace 3 4912 4919 4912 4919)
(brace 9 4925 4927 4926 4927)
(brace 8 4926 4928 4927 4928)
(brace 8 4928 4930 4929 4930)
(brace 9 4932 4934 4933 4934)
(brace 8 4934 4936 4935 4936)
(brace 9 4938 4940 4939 4940)
(brace 9 4939 4941 4940 4941)
(environment 3 5015 5028 5015 5028)
(brace 4 5015 5020 5015 5020)
(brace 9 5026 5028 5027 5028)
(environment 3 5029 5043 5029 5043)
(brace 4 5029 5034 5029 5034)
(brace 9 5041 5043 5042 5043)
(environment 2 5044 5060 5044 5060)
(brace 3 5044 5051 5044 5051)
(brace 9 5058 5060 5059 5060)
(brace 8 5059 5061 5060 5061)
(brace 9 5073 5075 5074 5075)
(brace 8 5094 5096 5095 5096)
(brace 9 5103 5105 5104 5105)
(label 0 5106 5127 5113 5126)
(brace label 5106 5113 5106 5113)
(brace 9 5125 5127 5126 5127)
(environment 2 5128 5143 5128 5143)
(brace 3 5128 5135 5128 5135)
(brace 9 5141 5143 5142 5143)
(brace 8 5142 5144 5143 5144)
(brace 8 5144 5146 5145 5146)
(brace 9 5148 5150 5149 5150)
(brace 8 5150 5152 5151 5152)
(brace 9 5154 5156 5155 5156)
(brace 9 5155 5157 5156 5157)
(environment 3 5231 5244 5231 5244)
(brace 4 5231 5236 5231 5236)
(brace 9 5242 5244 5243 5244)
(environment 3 5245 5259 5245 5259)
(brace 4 5245 5250 5245 5250)
(brace 9 5257 5259 5258 5259)
(environment 3 5260 5271 5260 5271)
(brace 4 5260 5265 5260 5265)
(brace 9 5269 5271 5270 5271)
(environment 2 5820 5833 5820 5833)
(brace 3 5820 5827 5820 5827)
(brace 9 5831 5833 5832 5833)
(brace 8 5858 5860 5859 5860)
(brace 9 5864 5866 5865 5866)
(label 0 5867 5887 5874 5886)
(brace label 5867 5874 5867 5874)
(brace 9 5885 5887 5886 5887)
(brace 8 5901 5903 5902 5903)
(brace 9 5908 5910 5909 5910)
(brace 8 5911 5912 5911 5912)
(environment 2 5913 5928 5913 5928)
(brace 3 5913 5920 5913 5920)
(brace 9 5926 5928 5927 5928)
(brace 8 5927 5929 5928 5929)
(brace 8 5929 5931 5930 5931)
(brace 9 5933 5935 5934 5935)
(brace 8 5935 5937 5936 5937)
(brace 9 5939 5941 5940 5941)
(brace 9 5940 5942 5941 5942)
(environment 3 6016 6029 6016 6029)
(brace 4 6016 6021 6016 6021)
(brace 9 6027 6029 6028 6029)
(brace 9 6030 6031 6030 6031)
(brace 8 6055 6057 6056 6057)
(brace 9 6062 6064 6063 6064)
(brace 8 6065 6066 6065 6066)
(environment 2 6067 6082 6067 6082)
(brace 3 6067 6074 6067 6074)
(brace 9 6080 6082 6081 6082)
(brace 8 6081 6083 6082 6083)
(brace 8 6083 6085 6084 6085)
(brace 9 6087 6089 6088 6089)
(brace 8 6089 6091 6090 6091)
(brace 9 6093 6095 6094 6095)
(brace 9 6094 6096 6095 6096)
(environment 3 6170 6183 6170 6183)
(brace 4 6170 6175 6170 6175)
(brace 9 6181 6183 6182 6183)
(brace 9 6184 6185 6184 6185)
(environment 3 6186 6197 6186 6197)
(brace 4 6186 6191 6186 6191)
(brace 9 6195 6197 6196 6197)
(brace 8 6209 6211 6210 6211)
(brace 9 6210 6212 6211 6212)
(brace 1 6270 6276 6271 6276)
(brace 9 6288 6290 6289 6290)
(environment 2 6292 6305 6292 6305)
(brace 3 6292 6299 6292 6299)
(brace 9 6303 6305 6304 6305)
(brace 8 6344 6346 6345 6346)
(brace 9 6353 6355 6354 6355)
(label 0 6357 6379 6365 6378)
(brace label 6357 6365 6358 6365)
(brace 9 6377 6379 6378 6379)
(environment 2 6381 6397 6381 6397)
(brace 3 6381 6389 6382 6389)
(brace 9 6395 6397 6396 6397)
(brace 8 6399 6401 6400 6401)
(brace 8 6404 6406 6405 6406)
(brace 9 6410 6412 6411 6412)
(brace 9 6422 6424 6423 6424)
(brace 8 6446 6448 6447 6448)
(brace 9 6448 6450 6449 6450)
(brace 8 6449 6451 6450 6451)
(brace 9 6453 6455 6454 6455)
(brace 8 6454 6456 6455 6456)
(brace 9 6471 6473 6472 6473)
(brace 8 6506 6508 6507 6508)
(brace 9 6508 6510 6509 6510)
(brace 8 6509 6511 6510 6511)
(brace 9 6512 6514 6513 6514)
(brace 8 6513 6515 6514 6515)
(brace 9 6527 6529 6528 6529)
(brace 8 6601 6603 6602 6603)
(brace 9 6603 6605 6604 6605)
(brace 8 6604 6606 6605 6606)
(brace 9 6608 6610 6609 6610)
(brace 8 6609 6611 6610 6611)
(brace 9 6613 6615 6614 6615)
(comment 0 6613 6614 6613 6614)
(brace 8 6630 6632 6631 6632)
(brace 9 6632 6634 6633 6634)
(brace 8 6633 6635 6634 6635)
(brace 9 6637 6639 6638 6639)
(brace 8 6638 6640 6639 6640)
(brace 9 6643 6645 6644 6645)
(comment 0 6643 6644 6643 6644)
(brace 8 6660 6662 6661 6662)
(brace 9 6662 6664 6663 6664)
(brace 8 6663 6665 6664 6665)
(brace 9 6667 6669 6668 6669)
(brace 8 6668 6670 6669 6670)
(brace 9 6673 6675 6674 6675)
(comment 0 6673 6674 6673 6674)
(brace 8 6690 6692 6691 6692)
(brace 9 6692 6694 6693 6694)
(brace 8 6693 6695 6694 6695)
(brace 9 6699 6701 6700 6701)
(brace 8 6700 6702 6701 6702)
(brace 9 6718 6720 6719 6720)
(brace 8 6727 6729 6728 6729)
(brace 9 6731 6733 6732 6733)
(brace 8 6749 6751 6750 6751)
(brace 9 6751 6753 6752 6753)
(brace 8 6752 6754 6753 6754)
(brace 9 6756 6758 6757 6758)
(brace 8 6757 6759 6758 6759)
(brace 9 6766 6768 6767 6768)
(brace 8 6804 6806 6805 6806)
(brace 9 6806 6808 6807 6808)
(brace 8 6807 6809 6808 6809)
(brace 9 6811 6813 6812 6813)
(brace 8 6812 6814 6813 6814)
(brace 9 6816 6818 6817 6818)
(brace 8 6843 6845 6844 6845)
(brace 9 6845 6847 6846 6847)
(brace 8 6846 6848 6847 6848)
(brace 9 6849 6851 6850 6851)
(brace 8 6850 6852 6851 6852)
(brace 8 6860 6862 6861 6862)
(brace 9 6862 6864 6863 6864)
(brace 8 6864 6866 6865 6866)
(brace 9 6875 6877 6876 6877)
(brace 9 6876 6878 6877 6878)
(brace 8 6885 6887 6886 6887)
(brace 9 6889 6891 6890 6891)
(brace 8 6909 6911 6910 6911)
(brace 9 6911 6913 6912 6913)
(brace 8 6912 6914 6913 6914)
(brace 9 6915 6917 6916 6917)
(brace 8 6916 6918 6917 6918)
(brace 9 6923 6925 6924 6925)
(brace 8 6938 6940 6939 6940)
(brace 9 6940 6942 6941 6942)
(brace 8 6941 6943 6942 6943)
(brace 9 6944 6946 6945 6946)
(brace 8 6945 6947 6946 6947)
(brace 9 6946 6948 6947 6948)
(environment 3 6958 6971 6958 6971)
(brace 4 6958 6963 6958 6963)
(brace 9 6969 6971 6970 6971)
(environment 3 6972 6983 6972 6983)
(brace 4 6972 6977 6972 6977)
(brace 9 6981 6983 6982 6983)
(brace 8 7464 7466 7465 7466)
(brace 9 7465 7467 7466 7467)
(brace 8 7550 7552 7551 7552)
(brace 9 7551 7553 7552 7553)
(brace 8 7638 7640 7639 7640)
(brace 9 7648 7650 7649 7650)
(brace 8 7660 7662 7661 7662)
(brace 9 7673 7675 7674 7675)
(brace 8 7690 7692 7691 7692)
(brace 9 7700 7702 7701 7702)
(brace 1 7726 7732 7727 7732)
(brace 9 7746 7748 7747 7748)
(brace 8 7758 7760 7759 7760)
(brace 9 7768 7770 7769 7770)
(environment 2 7778 7795 7778 7795)
(brace 3 7778 7785 7778 7785)
(brace 9 7793 7795 7794 7795)
(brace 8 7797 7799 7798 7799)
(brace 8 7800 7802 7801 7802)
(brace 9 7802 7804 7803 7804)
(brace 8 7803 7805 7804 7805)
(brace 9 7805 7807 7806 7807)
(brace 9 7806 7808 7807 7808)
(brace 8 7816 7818 7817 7818)
(brace 9 7821 7823 7822 7823)
(label 0 7822 7846 7830 7845)
(brace label 7822 7830 7823 7830)
(brace 9 7844 7846 7845 7846)
(brace 8 7884 7886 7885 7886)
(brace 9 7886 7888 7887 7888)
(brace 8 7887 7889 7888 7889)
(brace 9 7889 7891 7890 7891)
(brace 8 7890 7892 7891 7892)
(brace 9 7895 7897 7896 7897)
(brace 8 7911 7913 7912 7913)
(brace 9 7913 7915 7914 7915)
(brace 8 7914 7916 7915 7916)
(brace 9 7916 7918 7917 7918)
(brace 8 7917 7919 7918 7919)
(brace 9 7920 7922 7921 7922)
(brace 8 7936 7938 7937 7938)
(brace 9 7938 7940 7939 7940)
(brace 8 7939 7941 7940 7941)
(brace 9 7941 7943 7942 7943)
(brace 8 7942 7944 7943 7944)
(brace 9 7946 7948 7947 7948)
(brace 8 7962 7964 7963 7964)
(brace 9 7964 7966 7965 7966)
(brace 8 7965 7967 7966 7967)
(brace 9 7967 7969 7968 7969)
(brace 8 7968 7970 7969 7970)
(brace 9 7973 7975 7974 7975)
(brace 8 7989 7991 7990 7991)
(brace 9 7991 7993 7992 7993)
(brace 8 7992 7994 7993 7994)
(brace 9 7994 7996 7995 7996)
(brace 8 7995 7997 7996 7997)
(brace 9 8000 8002 8001 8002)
(brace 8 8016 8018 8017 8018)
(brace 9 8018 8020 8019 8020)
(brace 8 8019 8021 8020 8021)
(brace 9 8021 8023 8022 8023)
(brace 8 8022 8024 8023 8024)
(brace 9 8026 8028 8027 8028)
(brace 8 8045 8047 8046 8047)
(brace 9 8047 8049 8048 8049)
(brace 8 8048 8050 8049 8050)
(brace 9 8050 8052 8051 8052)
(brace 8 8051 8053 8052 8053)
(brace 9 8058 8060 8059 8060)
(brace 8 8073 8075 8074 8075)
(brace 9 8075 8077 8076 8077)
(brace 8 8076 8078 8077 8078)
(brace 9 8078 8080 8079 8080)
(brace 8 8079 8081 8080 8081)
(brace 9 8086 8088 8087 8088)
(brace 8 8101 8103 8102 8103)
(brace 9 8103 8105 8104 8105)
(brace 8 8104 8106 8105 8106)
(brace 9 8106 8108 8107 8108)
(brace 8 8107 8109 8108 8109)
(brace 9 8114 8116 8115 8116)
(brace 8 8129 8131 8130 8131)
(brace 9 8131 8133 8132 8133)
(brace 8 8132 8134 8133 8134)
(brace 9 8134 8136 8135 8136)
(brace 8 8135 8137 8136 8137)
(brace 9 8142 8144 8143 8144)
(brace 8 8157 8159 8158 8159)
(brace 9 8159 8161 8160 8161)
(brace 8 8160 8162 8161 8162)
(brace 9 8162 8164 8163 8164)
(brace 8 8163 8165 8164 8165)
(brace 9 8173 8175 8174 8175)
(brace 8 8225 8227 8226 8227)
(brace 9 8227 8229 8228 8229)
(brace 8 8228 8230 8229 8230)
(brace 9 8230 8232 8231 8232)
(brace 8 8231 8233 8232 8233)
(brace 9 8258 8260 8259 8260)
(brace 8 8298 8300 8299 8300)
(brace 9 8300 8302 8301 8302)
(brace 8 8301 8303 8302 8303)
(brace 9 8303 8305 8304 8305)
(brace 8 8304 8306 8305 8306)
(brace 9 8309 8311 8310 8311)
(brace 8 8325 8327 8326 8327)
(brace 9 8327 8329 8328 8329)
(brace 8 8328 8330 8329 8330)
(brace 9 8330 8332 8331 8332)
(brace 8 8331 8333 8332 8333)
(brace 9 8334 8336 8335 8336)
(brace 8 8350 8352 8351 8352)
(brace 9 8352 8354 8353 8354)
(brace 8 8353 8355 8354 8355)
(brace 9 8355 8357 8356 8357)
(brace 8 8356 8358 8357 8358)
(brace 9 8360 8362 8361 8362)
(brace 8 8376 8378 8377 8378)
(brace 9 8378 8380 8379 8380)
(brace 8 8379 8381 8380 8381)
(brace 9 8381 8383 8382 8383)
(brace 8 8382 8384 8383 8384)
(brace 9 8387 8389 8388 8389)
(brace 8 8403 8405 8404 8405)
(brace 9 8405 8407 8406 8407)
(brace 8 8406 8408 8407 8408)
(brace 9 8408 8410 8409 8410)
(brace 8 8409 8411 8410 8411)
(brace 9 8414 8416 8415 8416)
(brace 8 8430 8432 8431 8432)
(brace 9 8432 8434 8433 8434)
(brace 8 8433 8435 8434 8435)
(brace 9 8435 8437 8436 8437)
(brace 8 8436 8438 8437 8438)
(brace 9 8440 8442 8441 8442)
(brace 8 8459 8461 8460 8461)
(brace 9 8461 8463 8462 8463)
(brace 8 8462 8464 8463 8464)
(brace 9 8464 8466 8465 8466)
(brace 8 8465 8467 8466 8467)
(brace 9 8472 8474 8473 8474)
(brace 8 8487 8489 8488 8489)
(brace 9 8489 8491 8490 8491)
(brace 8 8490 8492 8491 8492)
(brace 9 8492 8494 8493 8494)
(brace 8 8493 8495 8494 8495)
(brace 9 8500 8502 8501 8502)
(brace 8 8515 8517 8516 8517)
(brace 9 8517 8519 8518 8519)
(brace 8 8518 8520 8519 8520)
(brace 9 8520 8522 8521 8522)
(brace 8 8521 8523 8522 8523)
(brace 9 8528 8530 8529 8530)
(brace 8 8543 8545 8544 8545)
(brace 9 8545 8547 8546 8547)
(brace 8 8546 8548 8547 8548)
(brace 9 8548 8550 8549 8550)
(brace 8 8549 8551 8550 8551)
(brace 9 8556 8558 8557 8558)
(brace 8 8571 8573 8572 8573)
(brace 9 8573 8575 8574 8575)
(brace 8 8574 8576 8575 8576)
(brace 9 8576 8578 8577 8578)
(brace 8 8577 8579 8578 8579)
(brace 9 8587 8589 8588 8589)
(brace 8 8641 8643 8642 8643)
(brace 9 8643 8645 8644 8645)
(brace 8 8644 8646 8645 8646)
(brace 9 8646 8648 8647 8648)
(brace 8 8647 8649 8648 8649)
(brace 9 8651 8653 8652 8653)
(environment 3 10108 10123 10108 10123)
(brace 4 10108 10113 10108 10113)
(brace 9 10121 10123 10122 10123)
(section 0 10125 10140 10137 10139)
(brace 8 10135 10137 10136 10137)
(brace 9 10138 10140 10139 10140)
(label 0 10141 10163 10148 10162)
(brace label 10141 10148 10141 10148)
(brace 9 10161 10163 10162 10163)
(brace 8 10209 10211 10210 10211)
(brace 9 10210 10212 10211 10212)
(brace 8 10285 10287 10286 10287)
(brace 9 10286 10288 10287 10288)
(environment 2 10446 10459 10446 10459)
(brace 3 10446 10453 10446 10453)
(brace 9 10457 10459 10458 10459)
(environment 2 10476 10493 10476 10493)
(brace 3 10476 10484 10477 10484)
(brace 9 10491 10493 10492 10493)
(brace 8 10492 10494 10493 10494)
(brace 9 10507 10509 10508 10509)
(brace 8 10533 10535 10534 10535)
(brace 9 10571 10573 10572 10573)
(label 0 10575 10598 10583 10597)
(brace label 10575 10583 10576 10583)
(brace 9 10596 10598 10597 10598)
(environment 2 10600 10616 10600 10616)
(brace 3 10600 10608 10601 10608)
(brace 9 10614 10616 10615 10616)
(brace 8 10648 10650 10649 10650)
(brace 9 10659 10661 10660 10661)
(environment 3 10663 10677 10663 10677)
(brace 4 10663 10669 10664 10669)
(brace 9 10675 10677 10676 10677)
(environment 3 10683 10698 10683 10698)
(brace 4 10683 10689 10684 10689)
(brace 9 10696 10698 10697 10698)
(environment 2 10706 10723 10706 10723)
(brace 3 10706 10714 10707 10714)
(brace 9 10721 10723 10722 10723)
(brace 8 10722 10724 10723 10724)
(brace 9 10737 10739 10738 10739)
(environment 2 10754 10770 10754 10770)
(brace 3 10754 10762 10755 10762)
(brace 9 10768 10770 10769 10770)
(brace 8 10802 10804 10803 10804)
(brace 9 10806 10808 10807 10808)
(environment 3 10810 10824 10810 10824)
(brace 4 10810 10816 10811 10816)
(brace 9 10822 10824 10823 10824)
(brace 8 10835 10837 10836 10837)
(brace 9 10877 10879 10878 10879)
(label 0 10881 10903 10889 10902)
(brace label 10881 10889 10882 10889)
(brace 9 10901 10903 10902 10903)
(environment 3 10905 10920 10905 10920)
(brace 4 10905 10911 10906 10911)
(brace 9 10918 10920 10919 10920)
(environment 3 10921 10932 10921 10932)
(brace 4 10921 10926 10921 10926)
(brace 9 10930 10932 10931 10932)
(environment 2 11042 11058 11042 11058)
(brace 3 11042 11049 11042 11049)
(brace 9 11056 11058 11057 11058)
(brace 8 11060 11062 11061 11062)
(brace 9 11083 11085 11084 11085)
(brace 8 11122 11124 11123 11124)
(brace 9 11130 11132 11131 11132)
(brace 8 11191 11193 11192 11193)
(brace 9 11202 11204 11203 11204)
(environment 3 11206 11220 11206 11220)
(brace 4 11206 11211 11206 11211)
(brace 9 11218 11220 11219 11220)
(section 0 11375 11389 11384 11388)
(brace 8 11382 11384 11383 11384)
(brace 9 11387 11389 11388 11389)
(label 0 11390 11409 11397 11408)
(brace label 11390 11397 11390 11397)
(brace 9 11407 11409 11408 11409)
(environment 2 11431 11449 11431 11449)
(brace 3 11431 11438 11431 11438)
(brace 9 11447 11449 11448 11449)
(environment 2 11475 11491 11475 11491)
(brace 3 11475 11482 11475 11482)
(brace 9 11489 11491 11490 11491)
(label 0 11493 11511 11501 11510)
(brace label 11493 11501 11494 11501)
(brace 9 11509 11511 11510 11511)
(environment 3 11555 11569 11555 11569)
(brace 4 11555 11560 11555 11560)
(brace 9 11567 11569 11568 11569)
(environment 3 11570 11586 11570 11586)
(brace 4 11570 11575 11570 11575)
(brace 9 11584 11586 11585 11586)
(environment 2 11651 11669 11651 11669)
(brace 3 11651 11658 11651 11658)
(brace 9 11667 11669 11668 11669)
(environment 3 11698 11714 11698 11714)
(brace 4 11698 11703 11698 11703)
(brace 9 11712 11714 11713 11714)
(environment 2 11869 11888 11869 11888)
(brace 3 11869 11876 11869 11876)
(brace 9 11886 11888 11887 11888)
(environment 3 11936 11953 11936 11953)
(brace 4 11936 11941 11936 11941)
(brace 9 11951 11953 11952 11953)
(environment 2 12040 12054 12040 12054)
(brace 3 12040 12047 12040 12047)
(brace 9 12052 12054 12053 12054)
(environment 0 12068 12083 12068 12083)
(brace 3 12068 12075 12068 12075)
(brace 9 12081 12083 12082 12083)
(environment 2 12084 12097 12084 12097)
(brace 3 12084 12091 12084 12091)
(brace 9 12095 12097 12096 12097)
(brace 8 12122 12124 12123 12124)
(brace 9 12125 12127 12126 12127)
(brace 8 12135 12137 12136 12137)
(brace 9 12138 12140 12139 12140)
(brace 8 12155 12157 12156 12157)
(brace 9 12158 12160 12159 12160)
(brace 8 12164 12166 12165 12166)
(brace 9 12171 12173 12172 12173)
(environment 3 12180 12191 12180 12191)
(brace 4 12180 12185 12180 12185)
(brace 9 12189 12191 12190 12191)
(environment 0 12199 12212 12199 12212)
(brace 3 12199 12206 12199 12206)
(brace 9 12210 12212 12211 12212)
(environment 1 12280 12291 12280 12291)
(brace 4 12280 12285 12280 12285)
(brace 9 12289 12291 12290 12291)
(environment 1 12292 12305 12292 12305)
(brace 4 12292 12297 12292 12297)
(brace 9 12303 12305 12304 12305)
(environment 3 12306 12318 12306 12318)
(brace 4 12306 12311 12306 12311)
(brace 9 12316 12318 12317 12318)
(environment 2 12514 12527 12514 12527)
(brace 3 12514 12521 12514 12521)
(brace 9 12525 12527 12526 12527)
(environment 0 12542 12555 12542 12555)
(brace 3 12542 12549 12542 12549)
(brace 9 12553 12555 12554 12555)
(brace 8 12572 12574 12573 12574)
(brace 9 12576 12578 12577 12578)
(brace 8 12596 12598 12597 12598)
(brace 9 12600 12602 12601 12602)
(brace 8 12620 12622 12621 12622)
(brace 9 12624 12626 12625 12626)
(environment 1 12627 12638 12627 12638)
(brace 4 12627 12632 12627 12632)
(brace 9 12636 12638 12637 12638)
(environment 3 12639 12650 12639 12650)
(brace 4 12639 12644 12639 12644)
(brace 9 12648 12650 12649 12650)
(environment 2 12827 12840 12827 12840)
(brace 3 12827 12834 12827 12834)
(brace 9 12838 12840 12839 12840)
(environment 0 12858 12875 12858 12875)
(brace 3 12858 12865 12858 12865)
(brace 9 12873 12875 12874 12875)
(comment 0 12875 12876 12875 12876)
(brace 8 12880 12882 12881 12882)
(brace 9 12884 12886 12885 12886)
(comment 0 12887 12888 12887 12888)
(environment 1 13081 13096 13081 13096)
(brace 4 13081 13086 13081 13086)
(brace 9 13094 13096 13095 13096)
(environment 3 13097 13108 13097 13108)
(brace 4 13097 13102 13097 13102)
(brace 9 13106 13108 13107 13108)
(environment 2 13212 13227 13212 13227)
(brace 3 13212 13219 13212 13219)
(brace 9 13225 13227 13226 13227)
(label 0 13226 13247 13234 13246)
(brace label 13226 13234 13227 13234)
(brace 9 13245 13247 13246 13247)
(environment 3 13281 13294 13281 13294)
(brace 4 13281 13286 13281 13286)
(brace 9 13292 13294 13293 13294)
(environment 2 13295 13315 13295 13315)
(brace 3 13295 13302 13295 13302)
(brace 9 13313 13315 13314 13315)
(environment 0 13316 13329 13316 13329)
(brace 3 13316 13323 13316 13323)
(brace 9 13327 13329 13328 13329)
(environment 1 13349 13360 13349 13360)
(brace 4 13349 13354 13349 13354)
(brace 9 13358 13360 13359 13360)
(environment 3 13361 13379 13361 13379)
(brace 4 13361 13366 13361 13366)
(brace 9 13377 13379 13378 13379)
(environment 2 13573 13586 13573 13586)
(brace 3 13573 13580 13573 13580)
(brace 9 13584 13586 13585 13586)
(environment 3 13797 13808 13797 13808)
(brace 4 13797 13802 13797 13802)
(brace 9 13806 13808 13807 13808)
(environment 2 13810 13827 13810 13827)
(brace 3 13810 13817 13810 13817)
(brace 9 13825 13827 13826 13827)
(environment 0 13861 13876 13861 13876)
(brace 3 13861 13868 13861 13868)
(brace 9 13874 13876 13875 13876)
(brace 8 13875 13877 13876 13877)
(brace 9 13877 13879 13878 13879)
(brace 5 13964 13971 13965 13971)
(inline-math 0 13975 13976 13975 13976)
(inline-math 0 13982 13983 13982 13983)
(brace 9 13983 13985 13984 13985)
(label 0 13984 13997 13992 13996)
(brace label 13984 13992 13985 13992)
(brace 9 13995 13997 13996 13997)
(brace 8 14062 14064 14063 14064)
(brace 9 14069 14071 14070 14071)
(environment 1 14081 14094 14081 14094)
(brace 4 14081 14086 14081 14086)
(brace 9 14092 14094 14093 14094)
(environment 3 14095 14110 14095 14110)
(brace 4 14095 14100 14095 14100)
(brace 9 14108 14110 14109 14110)
(environment 2 14178 14193 14178 14193)
(brace 3 14178 14185 14178 14185)
(brace 9 14191 14193 14192 14193)
(environment 0 14206 14222 14206 14222)
(brace 3 14206 14213 14206 14213)
(brace 9 14220 14222 14221 14222)
(label 0 14223 14234 14230 14233)
(brace label 14223 14230 14223 14230)
(brace 9 14232 14234 14233 14234)
(environment 2 14241 14255 14241 14255)
(brace 3 14241 14249 14242 14249)
(brace 9 14253 14255 14254 14255)
(brace 8 14254 14256 14255 14256)
(brace 9 14256 14258 14257 14258)
(brace 8 14267 14269 14268 14269)
(brace 8 14273 14275 14274 14275)
(inline-math 0 14285 14286 14285 14286)
(brace 9 14287 14289 14288 14289)
(inline-math 0 14287 14288 14287 14288)
(brace 9 14288 14290 14289 14290)
(brace 8 14305 14307 14306 14307)
(brace 9 14309 14311 14310 14311)
(brace 8 14332 14334 14333 14334)
(brace 8 14338 14340 14339 14340)
(inline-math 0 14350 14351 14350 14351)
(brace 9 14352 14354 14353 14354)
(inline-math 0 14352 14353 14352 14353)
(brace 9 14353 14355 14354 14355)
(brace 8 14382 14384 14383 14384)
(brace 8 14388 14390 14389 14390)
(inline-math 0 14400 14401 14400 14401)
(brace 9 14402 14404 14403 14404)
(inline-math 0 14402 14403 14402 14403)
(brace 9 14403 14405 14404 14405)
(environment 3 14478 14489 14478 14489)
(brace 4 14478 14483 14478 14483)
(brace 9 14487 14489 14488 14489)
(environment 1 14497 14511 14497 14511)
(brace 4 14497 14502 14497 14502)
(brace 9 14509 14511 14510 14511)
(environment 3 14512 14525 14512 14525)
(brace 4 14512 14517 14512 14517)
(brace 9 14523 14525 14524 14525)
(environment 2 14527 14543 14527 14543)
(brace 3 14527 14534 14527 14534)
(brace 9 14541 14543 14542 14543)
(environment 3 14598 14612 14598 14612)
(brace 4 14598 14603 14598 14603)
(brace 9 14610 14612 14611 14612)
(environment 2 14614 14632 14614 14632)
(brace 3 14614 14621 14614 14621)
(brace 9 14630 14632 14631 14632)
(brace 8 14639 14641 14640 14641)
(brace 9 14659 14661 14660 14661)
(environment 3 14800 14816 14800 14816)
(brace 4 14800 14805 14800 14805)
(brace 9 14814 14816 14815 14816)
(environment 2 14818 14833 14818 14833)
(brace 3 14818 14825 14818 14825)
(brace 9 14831 14833 14832 14833)
(environment 3 14850 14863 14850 14863)
(brace 4 14850 14855 14850 14855)
(brace 9 14861 14863 14862 14863)
(brace 1 14871 14877 14872 14877)
(brace 9 14888 14890 14889 14890)
(section 0 15090 15104 15099 15103)
(brace 8 15097 15099 15098 15099)
(brace 9 15102 15104 15103 15104)
(label 0 15105 15120 15112 15119)
(brace label 15105 15112 15105 15112)
(brace 9 15118 15120 15119 15120)
(brace 2 15242 15249 15243 15249)
(brace 9 15275 15277 15276 15277)
(brace 2 15282 15289 15283 15289)
(brace 9 15314 15316 15315 15316)
(brace 2 15321 15328 15322 15328)
(brace 9 15362 15364 15363 15364)
(brace 2 15368 15375 15369 15375)
(brace 9 15396 15398 15397 15398)
(brace 2 15404 15410 15404 15410)
(brace 9 15433 15435 15434 15435)
(brace 2 15439 15446 15440 15446)
(brace 9 15454 15456 15455 15456)
(brace 2 15460 15467 15461 15467)
(brace 9 15479 15481 15480 15481)
(brace 2 15485 15492 15486 15492)
(brace 9 15495 15497 15496 15497)
(brace 2 15504 15511 15505 15511)
(brace 9 15519 15521 15520 15521)
(brace 8 15531 15533 15532 15533)
(brace 9 15543 15545 15544 15545)
(brace 2 15573 15580 15574 15580)
(brace 9 15588 15590 15589 15590)
(brace 8 15653 15655 15654 15655)
(brace 9 15664 15666 15665 15666)
(section 0 15676 15688 15685 15687)
(brace 8 15683 15685 15684 15685)
(brace 9 15686 15688 15687 15688)
(label 0 15689 15709 15696 15708)
(brace label 15689 15696 15689 15696)
(brace 9 15707 15709 15708 15709)
(brace 1 15718 15724 15719 15724)
(brace 9 15738 15740 15739 15740)
(inline-math 0 15745 15746 15745 15746)
(brace 8 15756 15758 15757 15758)
(brace 9 15758 15760 15759 15760)
(inline-math 0 15761 15762 15761 15762)
(inline-math 0 15768 15769 15768 15769)
(brace 8 15777 15779 15778 15779)
(brace 9 15779 15781 15780 15781)
(inline-math 0 15782 15783 15782 15783)
(inline-math 0 15791 15792 15791 15792)
(brace 8 15800 15802 15801 15802)
(brace 9 15802 15804 15803 15804)
(inline-math 0 15805 15806 15805 15806)
(environment 0 15815 15831 15815 15831)
(brace 3 15815 15822 15815 15822)
(brace 9 15829 15831 15830 15831)
(label 0 15832 15855 15839 15854)
(brace label 15832 15839 15832 15839)
(brace 9 15853 15855 15854 15855)
(brace 8 15866 15868 15867 15868)
(brace 9 15868 15870 15869 15870)
(brace 8 15878 15880 15879 15880)
(brace 8 15888 15890 15889 15890)
(brace 9 15890 15892 15891 15892)
(brace 9 15894 15896 15895 15896)
(brace 8 15895 15897 15896 15897)
(brace 8 15905 15907 15906 15907)
(brace 9 15907 15909 15908 15909)
(brace 9 15909 15911 15910 15911)
(brace 8 15917 15919 15918 15919)
(brace 8 15927 15929 15928 15929)
(brace 9 15929 15931 15930 15931)
(brace 9 15937 15939 15938 15939)
(brace 8 15938 15940 15939 15940)
(brace 8 15948 15950 15949 15950)
(brace 9 15950 15952 15951 15952)
(brace 9 15952 15954 15953 15954)
(environment 1 15956 15970 15956 15970)
(brace 4 15956 15961 15956 15961)
(brace 9 15968 15970 15969 15970)
(brace 8 15984 15986 15985 15986)
(brace 9 15985 15987 15986 15987)
(brace 8 16008 16010 16009 16010)
(brace 9 16016 16018 16017 16018)
(newcommand 0 16024 16044 16036 16043)
(brace 8 16034 16036 16035 16036)
(brace 9 16042 16044 16043 16044)
(brace 8 16046 16048 16047 16048)
(brace 9 16072 16074 16073 16074)
(environment 0 16076 16092 16076 16092)
(brace 3 16076 16083 16076 16083)
(brace 9 16090 16092 16091 16092)
(label 0 16091 16105 16099 16104)
(brace label 16091 16099 16092 16099)
(brace 9 16103 16105 16104 16105)
(brace 8 16116 16118 16117 16118)
(brace 9 16118 16120 16119 16120)
(brace 8 16144 16146 16145 16146)
(brace 8 16156 16158 16157 16158)
(brace 9 16158 16160 16159 16160)
(brace 9 16159 16161 16160 16161)
(brace 8 16165 16167 16166 16167)
(brace 8 16173 16175 16174 16175)
(brace 9 16175 16177 16176 16177)
(brace 9 16176 16178 16177 16178)
(brace 8 16184 16186 16185 16186)
(brace 9 16191 16193 16192 16193)
(brace 8 16201 16203 16202 16203)
(brace 9 16208 16210 16209 16210)
(brace 8 16238 16240 16239 16240)
(brace 9 16240 16242 16241 16242)
(brace 8 16243 16245 16244 16245)
(brace 9 16253 16255 16254 16255)
(brace 8 16264 16266 16265 16266)
(brace 9 16266 16268 16267 16268)
(brace 8 16277 16279 16278 16279)
(brace 9 16279 16281 16280 16281)
(environment 1 16286 16300 16286 16300)
(brace 4 16286 16291 16286 16291)
(brace 9 16298 16300 16299 16300)
(brace 8 16358 16360 16359 16360)
(brace 9 16366 16368 16367 16368)
(environment 0 16384 16401 16384 16401)
(brace 3 16384 16391 16384 16391)
(brace 9 16399 16401 16400 16401)
(comment 0 16401 16402 16401 16402)
(brace 8 16405 16407 16406 16407)
(brace 9 16409 16411 16410 16411)
(comment 0 16412 16413 16412 16413)
(environment 1 16606 16621 16606 16621)
(brace 4 16606 16611 16606 16611)
(brace 9 16619 16621 16620 16621)
(environment 0 16638 16654 16638 16654)
(brace 3 16638 16645 16638 16645)
(brace 9 16652 16654 16653 16654)
(label 0 16653 16669 16661 16668)
(brace label 16653 16661 16654 16661)
(brace 9 16667 16669 16668 16669)
(environment 2 16676 16690 16676 16690)
(brace 3 16676 16684 16677 16684)
(brace 9 16688 16690 16689 16690)
(brace 8 16689 16691 16690 16691)
(brace 9 16691 16693 16692 16693)
(brace 8 16705 16707 16706 16707)
(brace 8 16706 16708 16707 16708)
(brace 8 16712 16714 16713 16714)
(inline-math 0 16737 16738 16737 16738)
(brace 9 16739 16741 16740 16741)
(inline-math 0 16739 16740 16739 16740)
(brace 9 16740 16742 16741 16742)
(brace 9 16741 16743 16742 16743)
(brace 8 16787 16789 16788 16789)
(brace 9 16799 16801 16800 16801)
(brace 8 16873 16875 16874 16875)
(brace 9 16891 16893 16892 16893)
(environment 2 16931 16945 16931 16945)
(brace 3 16931 16939 16932 16939)
(brace 9 16943 16945 16944 16945)
(brace 8 16944 16946 16945 16946)
(brace 9 16946 16948 16947 16948)
(brace 8 16964 16966 16965 16966)
(brace 8 16965 16967 16966 16967)
(brace 8 16971 16973 16972 16973)
(inline-math 0 16996 16997 16996 16997)
(brace 9 17000 17002 17001 17002)
(inline-math 0 17000 17001 17000 17001)
(brace 9 17001 17003 17002 17003)
(brace 9 17002 17004 17003 17004)
(brace 8 17047 17049 17048 17049)
(brace 9 17059 17061 17060 17061)
(environment 3 17117 17129 17117 17129)
(brace 4 17117 17123 17118 17123)
(brace 9 17127 17129 17128 17129)
(environment 3 17137 17148 17137 17148)
(brace 4 17137 17142 17137 17142)
(brace 9 17146 17148 17147 17148)
(environment 1 17156 17170 17156 17170)
(brace 4 17156 17161 17156 17161)
(brace 9 17168 17170 17169 17170)
(section 0 17203 17216 17212 17215)
(brace 8 17210 17212 17211 17212)
(brace 9 17214 17216 17215 17216)
(label 0 17217 17237 17224 17236)
(brace label 17217 17224 17217 17224)
(brace 9 17235 17237 17236 17237)
(environment 2 17334 17349 17334 17349)
(brace 3 17334 17341 17334 17341)
(brace 9 17347 17349 17348 17349)
(environment 2 17376 17394 17376 17394)
(brace 3 17376 17384 17377 17384)
(brace 9 17392 17394 17393 17394)
(environment 3 17435 17451 17435 17451)
(brace 4 17435 17441 17436 17441)
(brace 9 17449 17451 17450 17451)
(environment 3 17495 17508 17495 17508)
(brace 4 17495 17500 17495 17500)
(brace 9 17506 17508 17507 17508)
(brace 8 17539 17541 17540 17541)
(brace 9 17548 17550 17549 17550)
(brace 8 17606 17608 17607 17608)
(brace 9 17615 17617 17616 17617)
(comment 0 17636 17637 17636 17637)
(comment 0 17637 17638 17637 17638)
(comment 0 17638 17639 17638 17639)
(comment 0 17658 17659 17658 17659)
(comment 0 17659 17660 17659 17660)
(comment 0 17660 17661 17660 17661)
(comment 0 17674 17675 17674 17675)
(comment 0 17675 17676 17675 17676)
(comment 0 17676 17677 17676 17677)
(comment 0 17700 17701 17700 17701)
(comment 0 17701 17702 17701 17702)
(comment 0 17702 17703 17702 17703)
