"cced9df848ddb41593686d064d8510d1"
"1f62ab6ad84ea03c1f257dce43aebab0"
(comment 0 1 2 1 2)
(comment 0 2 3 2 3)
(comment 0 3 4 3 4)
(comment 0 22 23 22 23)
(comment 0 23 24 23 24)
(comment 0 24 25 24 25)
(comment 0 38 39 38 39)
(comment 0 39 40 39 40)
(comment 0 40 41 40 41)
(comment 0 56 57 56 57)
(comment 0 57 58 57 58)
(comment 0 58 59 58 59)
(preamble 0 66 109 66 109)
(0 0 66 109 99 108)
(brace 6 66 99 66 99)
(brace 9 107 109 108 109)
(preamble 0 110 144 111 144)
(0 0 110 144 134 143)
(brace 6 110 134 111 134)
(comment 0 110 111 110 111)
(brace 9 142 144 143 144)
(preamble 0 145 179 146 179)
(0 0 145 179 169 178)
(brace 6 145 169 146 169)
(comment 0 145 146 145 146)
(brace 9 177 179 178 179)
(comment 0 180 181 180 181)
(comment 0 197 198 197 198)
(comment 0 199 200 199 200)
(comment 0 238 239 238 239)
(comment 0 257 258 257 258)
(comment 0 290 291 290 291)
(comment 0 332 333 332 333)
(comment 0 344 345 344 345)
(comment 0 367 368 367 368)
(brace 8 390 392 391 392)
(brace 9 400 402 401 402)
(comment 0 403 404 403 404)
(comment 0 450 451 450 451)
(comment 0 506 507 506 507)
(1 0 544 564 556 563)
(brace 0 544 556 544 556)
(brace 9 562 564 563 564)
(comment 0 566 567 566 567)
(comment 0 596 597 596 597)
(brace 8 608 610 609 610)
(brace 9 612 614 613 614)
(preamble 1 616 632 616 632)
(environment 2 616 632 616 632)
(brace 3 616 623 616 623)
(brace 9 630 632 631 632)
(comment 0 634 635 634 635)
(brace 8 673 675 674 675)
(brace 8 674 676 675 676)
(brace 9 683 685 684 685)
(brace 9 684 686 685 686)
(comment 0 689 690 689 690)
(comment 0 690 691 690 691)
(comment 0 691 692 691 692)
(brace 8 716 718 717 718)
(brace 9 727 729 728 729)
(comment 0 730 731 730 731)
(comment 0 809 810 809 810)
(comment 0 832 833 832 833)
(comment 0 840 841 840 841)
(brace 8 847 849 848 849)
(brace 9 863 865 864 865)
(comment 0 868 869 868 869)
(comment 0 869 870 869 870)
(comment 0 870 871 870 871)
(brace 8 896 898 897 898)
(brace 9 909 911 910 911)
(brace 8 919 921 920 921)
(brace 9 936 938 937 938)
(brace 8 946 948 947 948)
(brace 9 964 966 965 966)
(brace 8 974 976 975 976)
(brace 9 989 991 990 991)
(brace 8 999 1001 1000 1001)
(brace 9 1015 1017 1016 1017)
(brace 8 1025 1027 1026 1027)
(brace 9 1043 1045 1044 1045)
(brace 8 1053 1055 1054 1055)
(brace 9 1067 1069 1068 1069)
(comment 0 1072 1073 1072 1073)
(comment 0 1073 1074 1073 1074)
(comment 0 1074 1075 1074 1075)
(comment 0 1094 1095 1094 1095)
(comment 0 1151 1152 1151 1152)
(comment 0 1177 1178 1177 1178)
(comment 0 1202 1203 1202 1203)
(comment 0 1211 1212 1211 1212)
(comment 0 1248 1249 1248 1249)
(brace 7 1255 1274 1255 1274)
(brace 9 1279 1281 1280 1281)
(brace 8 1294 1296 1295 1296)
(brace 9 1303 1305 1304 1305)
(comment 0 1308 1309 1308 1309)
(brace 8 1320 1322 1321 1322)
(brace 9 1329 1331 1330 1331)
(comment 0 1333 1334 1333 1334)
(environment 2 1338 1354 1338 1354)
(brace 3 1338 1345 1338 1345)
(brace 9 1352 1354 1353 1354)
(brace 8 1360 1362 1361 1362)
(brace 9 1377 1379 1378 1379)
(environment 3 1380 1394 1380 1394)
(brace 4 1380 1385 1380 1385)
(brace 9 1392 1394 1393 1394)
(comment 0 1396 1397 1396 1397)
(brace 8 1410 1412 1411 1412)
(brace 9 1422 1424 1423 1424)
(environment 3 1425 1439 1425 1439)
(brace 4 1425 1430 1425 1430)
(brace 9 1437 1439 1438 1439)
